[[2.13183018e-02 9.33565809e-03 3.83106605e-03 1.53712853e-03
  1.14244006e-03 2.48639824e-03 5.48361679e-03 1.13255573e-02
  2.18308666e-02 3.95122957e-02 6.74493673e-02 1.08720117e-01
  1.65298737e-01 2.36451927e-01 3.16961534e-01 3.95840964e-01
  4.56428033e-01 4.78843741e-01 4.46473472e-01 3.60173185e-01
  2.52187590e-01 1.56549183e-01 8.78117442e-02 4.50709876e-02]
 [1.36229360e-02 5.85741953e-03 2.39636777e-03 1.11901737e-03
  1.40157800e-03 2.76061115e-03 5.46765556e-03 1.05112969e-02
  1.93264435e-02 3.38532704e-02 5.63514964e-02 8.89166079e-02
  1.32624283e-01 1.86376577e-01 2.45731852e-01 3.02201134e-01
  3.43580203e-01 3.55873549e-01 3.27743569e-01 2.59817343e-01
  1.77440918e-01 1.07265889e-01 5.86860388e-02 2.94341908e-02]
 [8.02721539e-03 3.40736737e-03 1.42865933e-03 8.43081698e-04
  1.24697267e-03 2.33705163e-03 4.48746081e-03 8.42546100e-03
  1.52018372e-02 2.61790992e-02 4.28695204e-02 6.65646121e-02
  9.77299177e-02 1.35240479e-01 1.75667290e-01 2.12941566e-01
  2.38747822e-01 2.43938840e-01 2.21504015e-01 1.72479601e-01
  1.14761753e-01 6.75705884e-02 3.60754395e-02 1.76936423e-02]
 [4.42502504e-03 1.86688656e-03 8.12020140e-04 5.80409217e-04
  9.33055722e-04 1.74832226e-03 3.33373626e-03 6.19013984e-03
  1.10243235e-02 1.87196144e-02 3.02107385e-02 4.62247455e-02
  6.68845272e-02 9.12370392e-02 1.16851254e-01 1.39694476e-01
  1.54491938e-01 1.55696161e-01 1.39286450e-01 1.06466523e-01
  6.90490723e-02 3.96145489e-02 2.06585735e-02 9.92306584e-03]
 [2.29378972e-03 9.63326613e-04 4.33745479e-04 3.80494418e-04
  6.46746172e-04 1.21938401e-03 2.31096003e-03 4.24318118e-03
  7.45770287e-03 1.24880045e-02 1.98713060e-02 2.99809994e-02
  4.27844390e-02 5.75715424e-02 7.27479822e-02 8.58171022e-02
  9.36501112e-02 9.30870362e-02 8.20129355e-02 6.15030351e-02
  3.88791638e-02 2.17419760e-02 1.10861998e-02 5.22194275e-03]
 [1.11936340e-03 4.68323425e-04 2.24497289e-04 2.41796022e-04
  4.23999680e-04 8.00485409e-04 1.50311051e-03 2.72524567e-03
  4.72512027e-03 7.80425846e-03 1.22505422e-02 1.82372739e-02
  2.56849114e-02 3.41160198e-02 4.25590750e-02 4.95663209e-02
  5.33922509e-02 5.23478213e-02 4.54087441e-02 3.33810188e-02
  2.05549672e-02 1.12123887e-02 5.59451981e-03 2.58508180e-03]
 [5.15068393e-04 2.15906563e-04 1.15709232e-04 1.47261522e-04
  2.62454067e-04 4.94134697e-04 9.17831481e-04 1.64270188e-03
  2.81053282e-03 4.58125267e-03 7.09886523e-03 1.04346850e-02
  1.45136202e-02 1.90418812e-02 2.34664761e-02 2.69991385e-02
  2.87217270e-02 2.77856266e-02 2.37374922e-02 1.70773992e-02
  1.02362453e-02 5.45790157e-03 2.66172250e-03 1.20525326e-03]
 [2.25437662e-04 9.66676850e-05 6.02192543e-05 8.47463596e-05
  1.52904267e-04 2.86602073e-04 5.26562606e-04 9.30774945e-04
  1.57254162e-03 2.53165793e-03 3.87548463e-03 5.62912130e-03
  7.73857529e-03 1.00372882e-02 1.22312975e-02 1.39156368e-02
  1.46354531e-02 1.40027282e-02 1.17908556e-02 8.26237776e-03
  4.85096272e-03 2.53265079e-03 1.19896750e-03 5.31574272e-04]
 [1.06898413e-04 4.94736077e-05 3.32544115e-05 4.62559872e-05
  8.38358125e-05 1.56316429e-04 2.84235391e-04 4.96629367e-04
  8.29279662e-04 1.31978974e-03 1.99780985e-03 2.87041538e-03
  3.90505755e-03 5.01518284e-03 6.05395909e-03 6.82755538e-03
  7.14147204e-03 6.79711400e-03 5.59432614e-03 3.86317611e-03
  2.31417802e-03 1.17885711e-03 5.42232909e-04 2.42276293e-04]
 [1.06550674e-04 5.07570996e-05 2.68998472e-05 2.57208628e-05
  4.36666912e-05 8.03559025e-05 1.44626679e-04 2.50022928e-04
  4.13099588e-04 6.50758431e-04 9.75606999e-04 1.38943120e-03
  1.87576102e-03 2.39349602e-03 2.87901329e-03 3.26159593e-03
  3.42866616e-03 3.18613156e-03 2.68678068e-03 2.33052545e-03
  1.59637591e-03 8.50475055e-04 4.29526597e-04 2.16989682e-04]
 [1.86780469e-04 8.72516225e-05 3.98099903e-05 2.13126571e-05
  2.28652487e-05 3.92366223e-05 6.95471291e-05 1.19081881e-04
  1.95077839e-04 3.04994026e-04 4.54533060e-04 6.44927598e-04
  8.70586077e-04 1.12012893e-03 1.37337578e-03 1.56462439e-03
  1.62685903e-03 1.90128216e-03 2.82344703e-03 3.21707121e-03
  2.28851596e-03 1.30911450e-03 7.09869673e-04 3.74173303e-04]
 [3.71891770e-04 1.71783113e-04 7.43237471e-05 3.19978047e-05
  1.68515215e-05 1.89981695e-05 3.18301882e-05 5.39408644e-05
  8.80481411e-05 1.37563883e-04 2.06086719e-04 2.96804252e-04
  4.11225326e-04 5.40471155e-04 6.74387938e-04 9.56614739e-04
  1.77814816e-03 3.49811424e-03 5.72728548e-03 5.93239556e-03
  4.17305669e-03 2.48789714e-03 1.39569698e-03 7.45107621e-04]
 [7.46350399e-04 3.42516573e-04 1.45338929e-04 5.81438158e-05
  2.35019984e-05 1.22146904e-05 1.43619828e-05 2.35982080e-05
  3.88846238e-05 6.23087971e-05 9.66353698e-05 1.42610997e-04
  2.10447903e-04 3.82679746e-04 8.69362440e-04 2.00487991e-03
  4.27473231e-03 8.12818469e-03 1.19456661e-02 1.13445554e-02
  7.98448156e-03 4.90048958e-03 2.80071647e-03 1.50034805e-03]
 [1.44734630e-03 6.61765336e-04 2.78840842e-04 1.08965452e-04
  4.04638446e-05 1.54990280e-05 8.23557441e-06 1.08285273e-05
  1.78323289e-05 2.93529848e-05 5.26091924e-05 1.26371719e-04
  3.52374403e-04 9.36068578e-04 2.28395994e-03 5.08878139e-03
  1.02778488e-02 1.81223185e-02 2.37175966e-02 2.12936078e-02
  1.50827190e-02 9.43965271e-03 5.44763691e-03 2.91884120e-03]
 [2.67391213e-03 1.21975594e-03 5.12661153e-04 1.99015991e-04
  7.21466418e-05 2.53892334e-05 1.00442713e-05 6.17809931e-06
  9.78870171e-06 3.38669913e-05 1.16182689e-04 3.55124202e-04
  9.86458892e-04 2.50504275e-03 5.80620878e-03 1.22286751e-02
  2.31329545e-02 3.73092756e-02 4.43160323e-02 3.84885167e-02
  2.74683455e-02 1.74064440e-02 1.00960439e-02 5.40591594e-03]
 [4.68112105e-03 2.13200470e-03 8.95388575e-04 3.47274016e-04
  1.25423995e-04 4.36263699e-05 1.63992193e-05 8.68636972e-06
  2.80355129e-05 1.06949269e-04 3.42617979e-04 9.88273780e-04
  2.60549833e-03 6.27196348e-03 1.37295600e-02 2.71764258e-02
  4.78545669e-02 7.06493196e-02 7.80081751e-02 6.64709763e-02
  4.77274208e-02 3.04708761e-02 1.77210272e-02 9.48168086e-03]
 [7.74331510e-03 3.52323924e-03 1.47978567e-03 5.74625685e-04
  2.08377542e-04 7.36746550e-05 2.95142775e-05 2.32221963e-05
  9.04775917e-05 3.11226910e-04 9.34432869e-04 2.55398652e-03
  6.37675515e-03 1.44945081e-02 2.98720111e-02 5.54283099e-02
  9.07713920e-02 1.23483274e-01 1.29529588e-01 1.09120799e-01
  7.86518255e-02 5.04295015e-02 2.93726380e-02 1.57062952e-02]
 [1.20702768e-02 5.49004909e-03 2.30719975e-03 8.98107112e-04
  3.28584352e-04 1.19448949e-04 5.34453581e-05 6.73784413e-05
  2.62561917e-04 8.30736776e-04 2.35476926e-03 6.09210028e-03
  1.43637781e-02 3.07611291e-02 5.95783060e-02 1.03413136e-01
  1.57703080e-01 2.00286738e-01 2.02678251e-01 1.69448278e-01
  1.22361538e-01 7.86486300e-02 4.58499693e-02 2.45059341e-02]
 [1.76638621e-02 8.03499405e-03 3.37990778e-03 1.32055793e-03
  4.88488087e-04 1.86552443e-04 9.11892515e-05 1.98342231e-04
  6.91832977e-04 2.04243680e-03 5.47294440e-03 1.33676424e-02
  2.96862283e-02 5.97530800e-02 1.08480629e-01 1.76087641e-01
  2.51120604e-01 3.01811515e-01 2.97757259e-01 2.47495347e-01
  1.78834937e-01 1.15113256e-01 6.71463690e-02 3.58759224e-02]
 [2.41122028e-02 1.09699125e-02 4.61992602e-03 1.81285593e-03
  6.80256088e-04 2.81321448e-04 1.64923029e-04 5.33807933e-04
  1.66960343e-03 4.63473660e-03 1.17084264e-02 2.68875511e-02
  5.60081240e-02 1.05542098e-01 1.79218697e-01 2.72468128e-01
  3.65785039e-01 4.21130972e-01 4.07951476e-01 3.37530224e-01
  2.43929991e-01 1.57141231e-01 9.16822785e-02 4.89749920e-02]
 [3.03575770e-02 1.38046435e-02 5.81773200e-03 2.29176803e-03
  8.87634897e-04 3.74906686e-04 3.78350267e-04 1.29186705e-03
  3.71606901e-03 9.68298117e-03 2.28996053e-02 4.90882254e-02
  9.52764110e-02 1.67357557e-01 2.65628211e-01 3.79679172e-01
  4.83988472e-01 5.39345148e-01 5.15766520e-01 4.25400723e-01
  3.07430527e-01 1.98094062e-01 1.15529303e-01 6.16912229e-02]
 [3.45925283e-02 1.56933338e-02 6.60481144e-03 2.61924995e-03
  1.04809912e-03 4.39522210e-04 9.52464995e-04 2.84268357e-03
  7.58389332e-03 1.83365837e-02 4.00977208e-02 7.93636170e-02
  1.42472655e-01 2.32671748e-01 3.46227099e-01 4.68925523e-01
  5.73898210e-01 6.24808203e-01 5.92791763e-01 4.88235313e-01
  3.52714878e-01 2.27011473e-01 1.32190064e-01 7.04629463e-02]
 [3.46834952e-02 1.56378035e-02 6.55432253e-03 2.62098942e-03
  1.02025059e-03 7.37346966e-04 2.09926670e-03 5.62424945e-03
  1.37002153e-02 3.01200564e-02 5.98306300e-02 1.08078798e-01
  1.79045438e-01 2.73573566e-01 3.86527358e-01 5.03552219e-01
  5.99972759e-01 6.43710851e-01 6.08493899e-01 5.00704174e-01
  3.60909463e-01 2.31322894e-01 1.34090824e-01 7.10870138e-02]
 [2.96141010e-02 1.31963958e-02 5.48702373e-03 2.17647160e-03
  9.17520631e-04 1.51668527e-03 3.91400280e-03 9.31227518e-03
  2.00380438e-02 3.91802878e-02 7.05524457e-02 1.18213902e-01
  1.85183590e-01 2.71447075e-01 3.71508561e-01 4.72304118e-01
  5.52724000e-01 5.86578961e-01 5.51856495e-01 4.51499218e-01
  3.22489147e-01 2.04627286e-01 1.17292288e-01 6.14399774e-02]]